<?xml version="1.0" encoding="utf-8"?>
<COLLADA xmlns="http://www.collada.org/2005/11/COLLADASchema" version="1.4.1">
  <asset><contributor><author>Mixamo</author><authoring_tool>COLLADA Mixamo exporter</authoring_tool><comments></comments></contributor><created>2019-11-08T06:42:06Z</created><modified>2019-11-08T06:42:06Z</modified><revision></revision><title></title><unit meter="0.010000"/><up_axis>Y_UP</up_axis></asset>
  <library_animations>
    <animation id="mixamorig_Hips-anim" name="mixamorig_Hips"><source id="mixamorig_Hips-Matrix-animation-input"><float_array id="mixamorig_Hips-Matrix-animation-input-array" count="191">

0.000000 0.033333 0.066667 0.100000 0.133333 0.166667 0.200000 0.233333 0.266667 0.300000 0.333333 0.366667 0.400000 0.433333 0.466667 0.500000
0.533333 0.566667 0.600000 0.633333 0.666667 0.700000 0.733333 0.766667 0.800000 0.833333 0.866667 0.900000 0.933333 0.966667 1.000000 1.033333
1.066667 1.100000 1.133333 1.166667 1.200000 1.233333 1.266667 1.300000 1.333333 1.366667 1.400000 1.433333 1.466667 1.500000 1.533333 1.566667
1.600000 1.633333 1.666667 1.700000 1.733333 1.766667 1.800000 1.833333 1.866667 1.900000 1.933333 1.966667 2.000000 2.033333 2.066667 2.100000
2.133333 2.166667 2.200000 2.233333 2.266667 2.300000 2.333333 2.366667 2.400000 2.433333 2.466667 2.500000 2.533333 2.566667 2.600000 2.633333
2.666667 2.700000 2.733333 2.766667 2.800000 2.833333 2.866667 2.900000 2.933333 2.966667 3.000000 3.033333 3.066667 3.100000 3.133333 3.166667
3.200000 3.233333 3.266667 3.300000 3.333333 3.366667 3.400000 3.433333 3.466667 3.500000 3.533333 3.566667 3.600000 3.633333 3.666667 3.700000
3.733333 3.766667 3.800000 3.833333 3.866667 3.900000 3.933333 3.966667 4.000000 4.033333 4.066667 4.100000 4.133333 4.166667 4.200000 4.233333
4.266667 4.300000 4.333333 4.366667 4.400000 4.433333 4.466667 4.500000 4.533333 4.566667 4.600000 4.633333 4.666667 4.700000 4.733333 4.766667
4.800000 4.833333 4.866667 4.900000 4.933333 4.966667 5.000000 5.033333 5.066667 5.100000 5.133333 5.166667 5.200000 5.233333 5.266667 5.300000
5.333333 5.366667 5.400000 5.433333 5.466667 5.500000 5.533333 5.566667 5.600000 5.633333 5.666667 5.700000 5.733333 5.766667 5.800000 5.833333
5.866667 5.900000 5.933333 5.966667 6.000000 6.033333 6.066667 6.100000 6.133333 6.166667 6.200000 6.233333 6.266667 6.300000 6.333333</float_array><technique_common><accessor source="#mixamorig_Hips-Matrix-animation-input-array" count="191"><param name="TIME" type="float"/></accessor></technique_common></source><source id="mixamorig_Hips-Matrix-animation-output-transform"><float_array id="mixamorig_Hips-Matrix-animation-output-transform-array" count="3056">

0.998910 0.036767 -0.028768 -0.001908 -0.036298 0.999202 0.016663 0.947886 0.029358 -0.015601 0.999447 0.001257 0.000000 0.000000 0.000000 1.000000
0.998925 0.036775 -0.028204 -0.001893 -0.036306 0.999196 0.016979 0.947835 0.028806 -0.015937 0.999458 0.001346 0.000000 0.000000 0.000000 1.000000
0.998959 0.036749 -0.027009 -0.001910 -0.036301 0.999198 0.016896 0.947923 0.027608 -0.015898 0.999492 0.001427 0.000000 0.000000 0.000000 1.000000
0.999001 0.036706 -0.025490 -0.001901 -0.036295 0.999206 0.016440 0.948001 0.026073 -0.015498 0.999540 0.001521 0.000000 0.000000 0.000000 1.000000
0.999063 0.036410 -0.023419 -0.001919 -0.036047 0.999226 0.015729 0.948186 0.023974 -0.014870 0.999602 0.001542 0.000000 0.000000 0.000000 1.000000
0.999122 0.036132 -0.021224 -0.001912 -0.035820 0.999247 0.014929 0.947852 0.021748 -0.014155 0.999663 0.001490 0.000000 0.000000 0.000000 1.000000
0.999177 0.035612 -0.019397 -0.001835 -0.035340 0.999275 0.014166 0.948067 0.019887 -0.013469 0.999712 0.001380 0.000000 0.000000 0.000000 1.000000
0.999193 0.035157 -0.019413 -0.001658 -0.034895 0.999298 0.013645 0.948252 0.019879 -0.012956 0.999718 0.001243 0.000000 0.000000 0.000000 1.000000
0.999157 0.034753 -0.021835 -0.001410 -0.034474 0.999320 0.013045 0.948335 0.022274 -0.012281 0.999676 0.000983 0.000000 0.000000 0.000000 1.000000
0.999070 0.033588 -0.027054 -0.000923 -0.033286 0.999379 0.011562 0.948387 0.027426 -0.010651 0.999567 0.000593 0.000000 0.000000 0.000000 1.000000
0.998785 0.031554 -0.037858 0.000452 -0.031193 0.999462 0.010089 0.948138 0.038156 -0.008896 0.999232 0.000329 0.000000 0.000000 0.000000 1.000000
0.997401 0.033487 -0.063800 0.001086 -0.032853 0.999400 0.010954 0.946915 0.064128 -0.008830 0.997903 -0.000560 0.000000 0.000000 0.000000 1.000000
0.993765 0.038335 -0.104700 0.000978 -0.037205 0.999227 0.012723 0.946701 0.105107 -0.008748 0.994422 -0.001027 0.000000 0.000000 0.000000 1.000000
0.985774 0.044347 -0.162122 0.000621 -0.042764 0.998997 0.013244 0.946324 0.162547 -0.006122 0.986682 -0.001235 0.000000 0.000000 0.000000 1.000000
0.971245 0.049800 -0.232817 0.000489 -0.047839 0.998756 0.014063 0.944520 0.233228 -0.002520 0.972419 -0.000146 0.000000 0.000000 0.000000 1.000000
0.945819 0.053860 -0.320195 0.000506 -0.052688 0.998535 0.012329 0.941867 0.320390 0.005209 0.947271 0.001259 0.000000 0.000000 0.000000 1.000000
0.909581 0.059050 -0.411309 0.000374 -0.057574 0.998213 0.015989 0.941120 0.411518 0.009137 0.911356 0.003678 0.000000 0.000000 0.000000 1.000000
0.866695 0.061047 -0.495090 0.000646 -0.058390 0.998076 0.020851 0.940598 0.495410 0.010837 0.868592 0.005157 0.000000 0.000000 0.000000 1.000000
0.823047 0.062533 -0.564521 0.001195 -0.056233 0.998009 0.028566 0.939590 0.565183 0.008234 0.824924 0.008359 0.000000 0.000000 0.000000 1.000000
0.781598 0.064089 -0.620482 0.001797 -0.055149 0.997912 0.033603 0.941200 0.621340 0.007955 0.783501 0.010259 0.000000 0.000000 0.000000 1.000000
0.746234 0.064180 -0.662583 0.002536 -0.056239 0.997861 0.033318 0.942346 0.663304 0.012400 0.748247 0.010631 0.000000 0.000000 0.000000 1.000000
0.717447 0.065787 -0.693499 0.002995 -0.058767 0.997698 0.033848 0.942924 0.694129 0.016471 0.719662 0.011401 0.000000 0.000000 0.000000 1.000000
0.697731 0.063832 -0.713510 0.003377 -0.058735 0.997766 0.031826 0.943540 0.713948 0.019702 0.699922 0.012357 0.000000 0.000000 0.000000 1.000000
0.683765 0.058278 -0.727371 0.003810 -0.056508 0.998041 0.026844 0.944995 0.727511 0.022747 0.685719 0.013117 0.000000 0.000000 0.000000 1.000000
0.675594 0.055086 -0.735213 0.003710 -0.055018 0.998191 0.024233 0.947391 0.735219 0.024078 0.677402 0.013962 0.000000 0.000000 0.000000 1.000000
0.671583 0.053082 -0.739025 0.003267 -0.055062 0.998248 0.021663 0.948126 0.738880 0.026144 0.673330 0.014767 0.000000 0.000000 0.000000 1.000000
0.672029 0.052557 -0.738657 0.002731 -0.056407 0.998213 0.019705 0.949459 0.738373 0.028423 0.673793 0.015075 0.000000 0.000000 0.000000 1.000000
0.675449 0.052673 -0.735523 0.002177 -0.056956 0.998192 0.019179 0.949942 0.735204 0.028938 0.677228 0.015463 0.000000 0.000000 0.000000 1.000000
0.680694 0.051988 -0.730721 0.001760 -0.056840 0.998220 0.018072 0.950294 0.730360 0.029233 0.682437 0.015757 0.000000 0.000000 0.000000 1.000000
0.686380 0.050360 -0.725497 0.001624 -0.056168 0.998291 0.016156 0.950065 0.725071 0.029661 0.688036 0.015765 0.000000 0.000000 0.000000 1.000000
0.690750 0.050077 -0.721357 0.001407 -0.055857 0.998313 0.015816 0.949003 0.720933 0.029368 0.692383 0.016028 0.000000 0.000000 0.000000 1.000000
0.694517 0.049104 -0.717799 0.001333 -0.054833 0.998379 0.015244 0.947794 0.717384 0.028772 0.696084 0.016105 0.000000 0.000000 0.000000 1.000000
0.696595 0.047586 -0.715885 0.001342 -0.053687 0.998458 0.014129 0.946186 0.715453 0.028591 0.698075 0.016060 0.000000 0.000000 0.000000 1.000000
0.696663 0.046410 -0.715896 0.001512 -0.052846 0.998514 0.013304 0.943981 0.715449 0.028564 0.698080 0.015631 0.000000 0.000000 0.000000 1.000000
0.695984 0.045045 -0.716643 0.001912 -0.051860 0.998577 0.012401 0.941649 0.716182 0.028534 0.697330 0.014820 0.000000 0.000000 0.000000 1.000000
0.695827 0.043414 -0.716896 0.002278 -0.051608 0.998613 0.010384 0.940056 0.716353 0.029772 0.697102 0.012927 0.000000 0.000000 0.000000 1.000000
0.693205 0.044675 -0.719355 0.003663 -0.052780 0.998544 0.011152 0.939099 0.718805 0.030237 0.694553 0.009477 0.000000 0.000000 0.000000 1.000000
0.688211 0.046211 -0.724037 0.005497 -0.055741 0.998388 0.010738 0.938323 0.723366 0.032969 0.689677 0.005147 0.000000 0.000000 0.000000 1.000000
0.682930 0.045644 -0.729056 0.007779 -0.058808 0.998242 0.007409 0.937454 0.728113 0.037814 0.684414 0.000509 0.000000 0.000000 0.000000 1.000000
0.676073 0.042558 -0.735605 0.010535 -0.062292 0.998058 0.000492 0.936720 0.734197 0.045489 0.677411 -0.003853 0.000000 0.000000 0.000000 1.000000
0.670788 0.034704 -0.740837 0.013271 -0.063990 0.997888 -0.011195 0.936636 0.738883 0.054916 0.671592 -0.007451 0.000000 0.000000 0.000000 1.000000
0.666070 0.024348 -0.745492 0.015290 -0.063589 0.997682 -0.024230 0.938191 0.743174 0.063544 0.666074 -0.010427 0.000000 0.000000 0.000000 1.000000
0.664382 0.013221 -0.747276 0.017103 -0.061128 0.997455 -0.036699 0.940142 0.744889 0.070062 0.663500 -0.012833 0.000000 0.000000 0.000000 1.000000
0.665423 0.006532 -0.746438 0.018070 -0.059847 0.997210 -0.044625 0.942139 0.744064 0.074366 0.663957 -0.014734 0.000000 0.000000 0.000000 1.000000
0.667288 0.004305 -0.744787 0.018104 -0.060626 0.996979 -0.048555 0.942834 0.742328 0.077554 0.665533 -0.015778 0.000000 0.000000 0.000000 1.000000
0.669392 0.004702 -0.742894 0.017513 -0.061571 0.996891 -0.049169 0.942279 0.740353 0.078654 0.667600 -0.016088 0.000000 0.000000 0.000000 1.000000
0.671714 0.006647 -0.740781 0.016371 -0.062496 0.996904 -0.047724 0.941611 0.738170 0.078353 0.670050 -0.015814 0.000000 0.000000 0.000000 1.000000
0.673238 0.009182 -0.739369 0.014906 -0.063000 0.996999 -0.044984 0.941613 0.736737 0.076865 0.671796 -0.015143 0.000000 0.000000 0.000000 1.000000
0.673593 0.011363 -0.739015 0.013690 -0.063459 0.997079 -0.042510 0.942399 0.736373 0.075532 0.672346 -0.014283 0.000000 0.000000 0.000000 1.000000
0.674986 0.013401 -0.737709 0.012413 -0.062891 0.997241 -0.039428 0.942761 0.735145 0.073009 0.673967 -0.013135 0.000000 0.000000 0.000000 1.000000
0.677338 0.014882 -0.735522 0.011355 -0.062180 0.997376 -0.037082 0.943169 0.733040 0.070852 0.676486 -0.011743 0.000000 0.000000 0.000000 1.000000
0.679585 0.016651 -0.733408 0.010717 -0.062646 0.997408 -0.035404 0.943178 0.730917 0.070005 0.678866 -0.010392 0.000000 0.000000 0.000000 1.000000
0.682701 0.018376 -0.730467 0.010507 -0.062133 0.997523 -0.032976 0.943136 0.728052 0.067899 0.682151 -0.009153 0.000000 0.000000 0.000000 1.000000
0.687529 0.019853 -0.725886 0.010825 -0.061588 0.997619 -0.031049 0.943281 0.723541 0.066053 0.687114 -0.008487 0.000000 0.000000 0.000000 1.000000
0.695214 0.020527 -0.718509 0.011846 -0.061178 0.997655 -0.030692 0.943991 0.716194 0.065294 0.694840 -0.008421 0.000000 0.000000 0.000000 1.000000
0.710568 0.020885 -0.703319 0.013747 -0.059808 0.997735 -0.030797 0.944587 0.701082 0.063947 0.710207 -0.008994 0.000000 0.000000 0.000000 1.000000
0.735967 0.018090 -0.676776 0.015716 -0.055411 0.997899 -0.033583 0.946593 0.674747 0.062217 0.735422 -0.009969 0.000000 0.000000 0.000000 1.000000
0.770023 0.014211 -0.637857 0.017339 -0.048454 0.998167 -0.036256 0.947335 0.636173 0.058825 0.769301 -0.011346 0.000000 0.000000 0.000000 1.000000
0.813327 0.010651 -0.581709 0.018177 -0.039984 0.998492 -0.037622 0.948706 0.580431 0.053858 0.812526 -0.012593 0.000000 0.000000 0.000000 1.000000
0.860892 0.008119 -0.508722 0.017807 -0.031651 0.998791 -0.037621 0.949863 0.507801 0.048489 0.860108 -0.013673 0.000000 0.000000 0.000000 1.000000
0.904844 0.003066 -0.425732 0.016550 -0.019245 0.999246 -0.033706 0.952595 0.425308 0.038692 0.904221 -0.013600 0.000000 0.000000 0.000000 1.000000
0.945386 0.000154 -0.325953 0.014647 -0.008699 0.999656 -0.024760 0.954602 0.325837 0.026243 0.945062 -0.012885 0.000000 0.000000 0.000000 1.000000
0.976637 -0.000601 -0.214895 0.011719 -0.002686 0.999884 -0.015006 0.956088 0.214879 0.015233 0.976522 -0.011827 0.000000 0.000000 0.000000 1.000000
0.995198 -0.005961 -0.097703 0.008369 0.005752 0.999981 -0.002422 0.956913 0.097716 0.001849 0.995213 -0.009025 0.000000 0.000000 0.000000 1.000000
0.999744 -0.017377 0.014475 0.005365 0.017207 0.999782 0.011828 0.958086 -0.014677 -0.011576 0.999825 -0.004970 0.000000 0.000000 0.000000 1.000000
0.992157 -0.018202 0.123669 0.002016 0.016549 0.999760 0.014386 0.958337 -0.123901 -0.012227 0.992219 -0.002892 0.000000 0.000000 0.000000 1.000000
0.975743 -0.016534 0.218294 -0.000873 0.013562 0.999794 0.015105 0.959388 -0.218499 -0.011778 0.975766 -0.001401 0.000000 0.000000 0.000000 1.000000
0.956634 -0.021175 0.290521 -0.001736 0.016374 0.999686 0.018947 0.957003 -0.290831 -0.013369 0.956681 0.000888 0.000000 0.000000 0.000000 1.000000
0.938569 -0.023773 0.344273 -0.002819 0.016973 0.999597 0.022753 0.955064 -0.344675 -0.015512 0.938594 0.003128 0.000000 0.000000 0.000000 1.000000
0.921781 -0.022627 0.387051 -0.003733 0.014889 0.999625 0.022979 0.953446 -0.387426 -0.015418 0.921772 0.004560 0.000000 0.000000 0.000000 1.000000
0.906793 -0.023477 0.420922 -0.003741 0.014868 0.999608 0.023723 0.952138 -0.421314 -0.015253 0.906786 0.005730 0.000000 0.000000 0.000000 1.000000
0.893593 -0.021789 0.448350 -0.004200 0.013364 0.999670 0.021947 0.950828 -0.448680 -0.013620 0.893589 0.005528 0.000000 0.000000 0.000000 1.000000
0.883577 -0.017579 0.467956 -0.004447 0.008423 0.999730 0.021653 0.947979 -0.468211 -0.015191 0.883486 0.006009 0.000000 0.000000 0.000000 1.000000
0.875567 -0.014928 0.482865 -0.004381 0.004306 0.999724 0.023099 0.943008 -0.483077 -0.018145 0.875390 0.006424 0.000000 0.000000 0.000000 1.000000
0.869156 -0.013217 0.494362 -0.004405 0.002145 0.999734 0.022956 0.940565 -0.494534 -0.018892 0.868953 0.006347 0.000000 0.000000 0.000000 1.000000
0.864550 -0.011394 0.502418 -0.004358 0.000011 0.999743 0.022654 0.939856 -0.502548 -0.019580 0.864328 0.006160 0.000000 0.000000 0.000000 1.000000
0.862202 -0.009884 0.506469 -0.004410 -0.001628 0.999750 0.022282 0.940177 -0.506562 -0.020036 0.861970 0.005859 0.000000 0.000000 0.000000 1.000000
0.861631 -0.008720 0.507460 -0.004432 -0.002524 0.999766 0.021464 0.940890 -0.507529 -0.019775 0.861408 0.005365 0.000000 0.000000 0.000000 1.000000
0.863339 -0.006785 0.504579 -0.004404 -0.003586 0.999802 0.019580 0.941652 -0.504611 -0.018714 0.863144 0.004623 0.000000 0.000000 0.000000 1.000000
0.866880 -0.004586 0.498495 -0.004511 -0.004712 0.999838 0.017393 0.942185 -0.498494 -0.017427 0.866718 0.003727 0.000000 0.000000 0.000000 1.000000
0.872060 -0.002016 0.489395 -0.004797 -0.006849 0.999843 0.016323 0.942730 -0.489351 -0.017587 0.871909 0.003111 0.000000 0.000000 0.000000 1.000000
0.878109 -0.001727 0.478458 -0.004997 -0.007501 0.999821 0.017375 0.943137 -0.478402 -0.018846 0.877939 0.002713 0.000000 0.000000 0.000000 1.000000
0.886314 0.001719 0.463081 -0.005584 -0.010041 0.999829 0.015507 0.943829 -0.462976 -0.018394 0.886180 0.001529 0.000000 0.000000 0.000000 1.000000
0.896234 0.006436 0.443535 -0.006200 -0.014173 0.999800 0.014133 0.944512 -0.443356 -0.018952 0.896145 0.000169 0.000000 0.000000 0.000000 1.000000
0.909957 0.015582 0.414411 -0.007334 -0.022700 0.999667 0.012257 0.946226 -0.414082 -0.020561 0.910007 -0.000806 0.000000 0.000000 0.000000 1.000000
0.929148 0.022199 0.369042 -0.008118 -0.028384 0.999533 0.011338 0.947286 -0.368618 -0.021009 0.929344 -0.001463 0.000000 0.000000 0.000000 1.000000
0.951468 0.027581 0.306508 -0.008227 -0.034210 0.999282 0.016273 0.946765 -0.305839 -0.025969 0.951729 -0.001562 0.000000 0.000000 0.000000 1.000000
0.972976 0.034954 0.228245 -0.008129 -0.041130 0.998904 0.022357 0.945605 -0.227213 -0.031141 0.973347 -0.001497 0.000000 0.000000 0.000000 1.000000
0.989645 0.045523 0.136127 -0.008469 -0.049741 0.998377 0.027748 0.944230 -0.134643 -0.034232 0.990303 -0.000732 0.000000 0.000000 0.000000 1.000000
0.997746 0.057210 0.035060 -0.008840 -0.058328 0.997793 0.031723 0.942642 -0.033168 -0.033697 0.998882 0.000276 0.000000 0.000000 0.000000 1.000000
0.995359 0.066454 -0.069600 -0.009335 -0.064060 0.997294 0.036083 0.939495 0.071810 -0.031457 0.996922 0.001789 0.000000 0.000000 0.000000 1.000000
0.983916 0.071973 -0.163490 -0.009405 -0.066223 0.996988 0.040359 0.937099 0.165903 -0.028883 0.985719 0.002336 0.000000 0.000000 0.000000 1.000000
0.965934 0.076762 -0.247144 -0.009080 -0.067545 0.996675 0.045571 0.934747 0.249820 -0.027326 0.967907 0.003954 0.000000 0.000000 0.000000 1.000000
0.945826 0.081492 -0.314279 -0.008848 -0.068028 0.996243 0.053592 0.934376 0.317466 -0.029309 0.947817 0.005638 0.000000 0.000000 0.000000 1.000000
0.926910 0.083684 -0.365836 -0.008035 -0.064934 0.995881 0.063285 0.935286 0.369625 -0.034904 0.928525 0.008103 0.000000 0.000000 0.000000 1.000000
0.911915 0.082034 -0.402096 -0.007372 -0.061074 0.996034 0.064696 0.937413 0.405809 -0.034440 0.913309 0.009391 0.000000 0.000000 0.000000 1.000000
0.903614 0.079570 -0.420893 -0.006700 -0.058023 0.996276 0.063778 0.938956 0.424400 -0.033210 0.904865 0.010325 0.000000 0.000000 0.000000 1.000000
0.902284 0.076509 -0.424300 -0.006244 -0.054812 0.996499 0.063126 0.940876 0.427644 -0.033701 0.903319 0.010783 0.000000 0.000000 0.000000 1.000000
0.906862 0.072619 -0.415124 -0.005901 -0.051287 0.996737 0.062325 0.943847 0.418296 -0.035229 0.907627 0.010684 0.000000 0.000000 0.000000 1.000000
0.916359 0.069575 -0.394265 -0.005522 -0.049762 0.996941 0.060271 0.946538 0.397252 -0.035610 0.917018 0.009964 0.000000 0.000000 0.000000 1.000000
0.927786 0.066917 -0.367063 -0.005330 -0.049234 0.997140 0.057338 0.949161 0.369850 -0.035125 0.928427 0.008753 0.000000 0.000000 0.000000 1.000000
0.939438 0.064196 -0.336653 -0.005309 -0.048725 0.997340 0.054214 0.951659 0.339237 -0.034527 0.940067 0.007454 0.000000 0.000000 0.000000 1.000000
0.949907 0.061575 -0.306408 -0.005301 -0.047610 0.997467 0.052852 0.953792 0.308886 -0.035616 0.950432 0.006593 0.000000 0.000000 0.000000 1.000000
0.958449 0.058882 -0.279120 -0.005076 -0.046811 0.997666 0.049720 0.955246 0.281396 -0.034588 0.958968 0.005831 0.000000 0.000000 0.000000 1.000000
0.964962 0.057295 -0.256057 -0.004633 -0.046709 0.997791 0.047242 0.955080 0.258198 -0.033627 0.965507 0.005031 0.000000 0.000000 0.000000 1.000000
0.969240 0.056321 -0.239587 -0.003873 -0.047030 0.997909 0.044326 0.954668 0.241583 -0.031695 0.969862 0.004233 0.000000 0.000000 0.000000 1.000000
0.971687 0.054285 -0.229950 -0.003022 -0.046106 0.998103 0.040796 0.954327 0.231728 -0.029039 0.972347 0.003198 0.000000 0.000000 0.000000 1.000000
0.972742 0.052844 -0.225790 -0.002014 -0.045525 0.998259 0.037505 0.954368 0.227378 -0.026203 0.973454 0.001829 0.000000 0.000000 0.000000 1.000000
0.972300 0.050756 -0.228161 -0.000817 -0.044581 0.998489 0.032141 0.954928 0.229447 -0.021079 0.973093 0.000002 0.000000 0.000000 0.000000 1.000000
0.968941 0.049352 -0.242317 0.001074 -0.043819 0.998642 0.028174 0.954446 0.243378 -0.016681 0.969788 -0.002450 0.000000 0.000000 0.000000 1.000000
0.960523 0.049650 -0.273735 0.003269 -0.044456 0.998695 0.025149 0.954242 0.274626 -0.011987 0.961476 -0.005051 0.000000 0.000000 0.000000 1.000000
0.943139 0.052961 -0.328153 0.005798 -0.048494 0.998586 0.021787 0.954140 0.328843 -0.004635 0.944373 -0.006232 0.000000 0.000000 0.000000 1.000000
0.912536 0.059522 -0.404642 0.008670 -0.055239 0.998225 0.022263 0.951410 0.405249 0.002036 0.914204 -0.005079 0.000000 0.000000 0.000000 1.000000
0.864378 0.065625 -0.498542 0.011903 -0.061256 0.997805 0.025138 0.948517 0.499097 0.008810 0.866501 -0.002544 0.000000 0.000000 0.000000 1.000000
0.795554 0.071783 -0.601615 0.014038 -0.065973 0.997316 0.031758 0.945027 0.602280 0.014425 0.798155 0.001884 0.000000 0.000000 0.000000 1.000000
0.703513 0.077573 -0.706436 0.015954 -0.068207 0.996806 0.041533 0.941266 0.707402 0.018965 0.706557 0.007973 0.000000 0.000000 0.000000 1.000000
0.595758 0.080620 -0.799108 0.017078 -0.070038 0.996374 0.048307 0.937288 0.800105 0.027189 0.599244 0.014370 0.000000 0.000000 0.000000 1.000000
0.478255 0.080394 -0.874534 0.017311 -0.070184 0.996115 0.053189 0.932452 0.875412 0.035941 0.482039 0.021151 0.000000 0.000000 0.000000 1.000000
0.356176 0.076072 -0.931317 0.016484 -0.067463 0.996173 0.055569 0.930191 0.931980 0.043038 0.359945 0.028205 0.000000 0.000000 0.000000 1.000000
0.241393 0.070228 -0.967883 0.015047 -0.062771 0.996419 0.056643 0.926259 0.968395 0.047082 0.244937 0.034469 0.000000 0.000000 0.000000 1.000000
0.141619 0.062057 -0.987974 0.012613 -0.060697 0.996700 0.053905 0.920005 0.988059 0.052333 0.144918 0.040291 0.000000 0.000000 0.000000 1.000000
0.064596 0.054963 -0.996397 0.010163 -0.058439 0.996977 0.051207 0.915838 0.996199 0.054921 0.067613 0.044416 0.000000 0.000000 0.000000 1.000000
0.011238 0.047768 -0.998795 0.008010 -0.055862 0.997328 0.047069 0.914269 0.998375 0.055266 0.013876 0.047544 0.000000 0.000000 0.000000 1.000000
-0.019953 0.046841 -0.998703 0.006980 -0.054700 0.997355 0.047870 0.913473 0.998303 0.055584 -0.017338 0.049244 0.000000 0.000000 0.000000 1.000000
-0.037777 0.048858 -0.998091 0.006467 -0.054333 0.997226 0.050872 0.914299 0.997808 0.056151 -0.035018 0.050376 0.000000 0.000000 0.000000 1.000000
-0.041172 0.048785 -0.997960 0.006272 -0.053753 0.997253 0.050968 0.916310 0.997705 0.055742 -0.038437 0.051617 0.000000 0.000000 0.000000 1.000000
-0.031781 0.048017 -0.998341 0.006567 -0.053206 0.997348 0.049663 0.917829 0.998078 0.054696 -0.029142 0.052750 0.000000 0.000000 0.000000 1.000000
-0.013704 0.048022 -0.998752 0.007309 -0.053665 0.997371 0.048691 0.919728 0.998465 0.054265 -0.011091 0.053695 0.000000 0.000000 0.000000 1.000000
0.009956 0.048000 -0.998798 0.008240 -0.053244 0.997456 0.047404 0.920755 0.998532 0.052708 0.012487 0.054992 0.000000 0.000000 0.000000 1.000000
0.035537 0.048126 -0.998209 0.009396 -0.052552 0.997548 0.046224 0.922135 0.997986 0.050815 0.037979 0.056759 0.000000 0.000000 0.000000 1.000000
0.060474 0.047018 -0.997062 0.010955 -0.053306 0.997617 0.043811 0.924412 0.996745 0.050500 0.062837 0.058484 0.000000 0.000000 0.000000 1.000000
0.079462 0.047430 -0.995709 0.012500 -0.053410 0.997635 0.043259 0.926661 0.995406 0.049743 0.081808 0.060352 0.000000 0.000000 0.000000 1.000000
0.095534 0.047115 -0.994311 0.014018 -0.053168 0.997695 0.042167 0.929844 0.994005 0.048838 0.097818 0.062373 0.000000 0.000000 0.000000 1.000000
0.108942 0.045176 -0.993021 0.015439 -0.052025 0.997857 0.039688 0.932055 0.992686 0.047338 0.111059 0.064034 0.000000 0.000000 0.000000 1.000000
0.125462 0.042594 -0.991184 0.016891 -0.051753 0.997999 0.036336 0.935057 0.990748 0.046738 0.127415 0.064985 0.000000 0.000000 0.000000 1.000000
0.144747 0.039036 -0.988698 0.018565 -0.053899 0.998049 0.031514 0.937116 0.988000 0.048728 0.146569 0.065083 0.000000 0.000000 0.000000 1.000000
0.168844 0.035369 -0.985008 0.019984 -0.053420 0.998215 0.026687 0.936207 0.984194 0.048113 0.170432 0.066059 0.000000 0.000000 0.000000 1.000000
0.204025 0.029097 -0.978533 0.022164 -0.049784 0.998573 0.019313 0.937559 0.977699 0.044775 0.205183 0.066448 0.000000 0.000000 0.000000 1.000000
0.247514 0.025702 -0.968543 0.023953 -0.048617 0.998718 0.014079 0.938431 0.967664 0.043603 0.248446 0.065417 0.000000 0.000000 0.000000 1.000000
0.308223 0.020632 -0.951090 0.027009 -0.045453 0.998942 0.006940 0.942695 0.950228 0.041091 0.308835 0.062680 0.000000 0.000000 0.000000 1.000000
0.382424 0.017747 -0.923817 0.029926 -0.041998 0.999116 0.001808 0.947095 0.923032 0.038107 0.382831 0.059216 0.000000 0.000000 0.000000 1.000000
0.468699 0.013189 -0.883260 0.032564 -0.035417 0.999365 -0.003871 0.951702 0.882648 0.033097 0.468868 0.054627 0.000000 0.000000 0.000000 1.000000
0.554152 0.008481 -0.832373 0.034985 -0.029465 0.999521 -0.009432 0.956003 0.831894 0.029752 0.554136 0.049607 0.000000 0.000000 0.000000 1.000000
0.640999 0.006407 -0.767515 0.036151 -0.024952 0.999611 -0.012495 0.959313 0.767136 0.027160 0.640909 0.044468 0.000000 0.000000 0.000000 1.000000
0.722005 0.002826 -0.691882 0.036055 -0.018594 0.999710 -0.015320 0.962266 0.691638 0.023927 0.721848 0.038889 0.000000 0.000000 0.000000 1.000000
0.798286 -0.003860 -0.602266 0.035503 -0.010937 0.999722 -0.020905 0.964953 0.602180 0.023275 0.798021 0.032592 0.000000 0.000000 0.000000 1.000000
0.864634 -0.005427 -0.502374 0.033584 -0.008227 0.999655 -0.024958 0.965661 0.502336 0.025712 0.864290 0.026642 0.000000 0.000000 0.000000 1.000000
0.916217 -0.005418 -0.400645 0.031065 -0.006246 0.999594 -0.027802 0.966793 0.400633 0.027975 0.915812 0.020965 0.000000 0.000000 0.000000 1.000000
0.953381 -0.004300 -0.301737 0.027982 -0.004757 0.999560 -0.029275 0.967985 0.301730 0.029346 0.952942 0.016082 0.000000 0.000000 0.000000 1.000000
0.977616 -0.007460 -0.210264 0.024738 0.001525 0.999596 -0.028375 0.968959 0.210391 0.027420 0.977233 0.012452 0.000000 0.000000 0.000000 1.000000
0.991271 -0.011740 -0.131316 0.021767 0.007548 0.999447 -0.032377 0.969075 0.131624 0.031104 0.990812 0.009399 0.000000 0.000000 0.000000 1.000000
0.997909 -0.010637 -0.063759 0.019057 0.008446 0.999367 -0.034544 0.969451 0.064086 0.033934 0.997367 0.006828 0.000000 0.000000 0.000000 1.000000
0.999899 -0.009242 -0.010760 0.017343 0.008843 0.999292 -0.036572 0.969022 0.011090 0.036474 0.999273 0.004152 0.000000 0.000000 0.000000 1.000000
0.999571 -0.008234 0.028112 0.016545 0.009280 0.999262 -0.037270 0.968449 -0.027785 0.037515 0.998910 0.002355 0.000000 0.000000 0.000000 1.000000
0.998131 -0.006135 0.060804 0.015597 0.008362 0.999301 -0.036435 0.966900 -0.060538 0.036875 0.997485 0.000407 0.000000 0.000000 0.000000 1.000000
0.996122 -0.003188 0.087924 0.014732 0.006263 0.999378 -0.034716 0.964138 -0.087759 0.035132 0.995522 -0.001567 0.000000 0.000000 0.000000 1.000000
0.994067 0.001809 0.108750 0.014079 0.001714 0.999477 -0.032293 0.960504 -0.108752 0.032288 0.993544 -0.003222 0.000000 0.000000 0.000000 1.000000
0.991902 0.006805 0.126823 0.013999 -0.003229 0.999592 -0.028378 0.956784 -0.126964 0.027738 0.991519 -0.004383 0.000000 0.000000 0.000000 1.000000
0.990144 0.012094 0.139530 0.013469 -0.008429 0.999604 -0.026830 0.952704 -0.139799 0.025389 0.989854 -0.006057 0.000000 0.000000 0.000000 1.000000
0.989043 0.017405 0.146595 0.012136 -0.013743 0.999569 -0.025953 0.951835 -0.146984 0.023654 0.988856 -0.007175 0.000000 0.000000 0.000000 1.000000
0.988495 0.019878 0.149941 0.011013 -0.016822 0.999625 -0.021623 0.951692 -0.150315 0.018851 0.988458 -0.007813 0.000000 0.000000 0.000000 1.000000
0.988481 0.020813 0.149905 0.010277 -0.018675 0.999703 -0.015657 0.951557 -0.150186 0.012677 0.988576 -0.008231 0.000000 0.000000 0.000000 1.000000
0.988843 0.021506 0.147399 0.009625 -0.020323 0.999748 -0.009524 0.952039 -0.147567 0.006422 0.989031 -0.008553 0.000000 0.000000 0.000000 1.000000
0.989441 0.022908 0.143113 0.008886 -0.022257 0.999733 -0.006151 0.952874 -0.143216 0.002901 0.989687 -0.008952 0.000000 0.000000 0.000000 1.000000
0.990430 0.024671 0.135795 0.008133 -0.024230 0.999694 -0.004895 0.953016 -0.135874 0.001558 0.990725 -0.009421 0.000000 0.000000 0.000000 1.000000
0.991632 0.026967 0.126252 0.007212 -0.026664 0.999636 -0.004095 0.953211 -0.126316 0.000695 0.991990 -0.009518 0.000000 0.000000 0.000000 1.000000
0.992934 0.028704 0.115142 0.006513 -0.028565 0.999588 -0.002856 0.952995 -0.115177 -0.000453 0.993345 -0.009501 0.000000 0.000000 0.000000 1.000000
0.994224 0.030140 0.103007 0.005963 -0.030108 0.999545 -0.001859 0.952279 -0.103016 -0.001253 0.994679 -0.009630 0.000000 0.000000 0.000000 1.000000
0.995427 0.030392 0.090560 0.005662 -0.030497 0.999535 -0.000235 0.951271 -0.090525 -0.002528 0.995891 -0.009710 0.000000 0.000000 0.000000 1.000000
0.996559 0.031485 0.076676 0.005413 -0.031646 0.999499 0.000885 0.950300 -0.076610 -0.003309 0.997056 -0.009503 0.000000 0.000000 0.000000 1.000000
0.997452 0.031449 0.064028 0.004822 -0.031683 0.999494 0.002641 0.950963 -0.063912 -0.004663 0.997945 -0.009343 0.000000 0.000000 0.000000 1.000000
0.998059 0.031860 0.053504 0.004171 -0.032197 0.999467 0.005454 0.950808 -0.053302 -0.007166 0.998553 -0.009034 0.000000 0.000000 0.000000 1.000000
0.998549 0.032253 0.043130 0.003495 -0.032580 0.999445 0.006885 0.950248 -0.042884 -0.008281 0.999046 -0.008321 0.000000 0.000000 0.000000 1.000000
0.998906 0.032067 0.034033 0.002735 -0.032335 0.999450 0.007336 0.950770 -0.033779 -0.008429 0.999394 -0.007735 0.000000 0.000000 0.000000 1.000000
0.999162 0.033150 0.024020 0.002093 -0.033383 0.999399 0.009365 0.950093 -0.023696 -0.010159 0.999668 -0.006708 0.000000 0.000000 0.000000 1.000000
0.999305 0.033943 0.015390 0.001360 -0.034109 0.999361 0.010705 0.949841 -0.015017 -0.011222 0.999824 -0.005774 0.000000 0.000000 0.000000 1.000000
0.999412 0.032676 0.010372 0.000552 -0.032793 0.999398 0.011334 0.949952 -0.009996 -0.011668 0.999882 -0.005237 0.000000 0.000000 0.000000 1.000000
0.999437 0.032912 0.006556 -0.000231 -0.032989 0.999384 0.011953 0.949817 -0.006159 -0.012163 0.999907 -0.004686 0.000000 0.000000 0.000000 1.000000
0.999479 0.032121 0.003223 -0.000858 -0.032157 0.999414 0.011727 0.950196 -0.002845 -0.011825 0.999926 -0.004177 0.000000 0.000000 0.000000 1.000000
0.999495 0.031755 0.000605 -0.001390 -0.031760 0.999410 0.013109 0.950109 -0.000188 -0.013122 0.999914 -0.003532 0.000000 0.000000 0.000000 1.000000
0.999518 0.030990 -0.001640 -0.001687 -0.030961 0.999394 0.015891 0.949735 0.002131 -0.015832 0.999872 -0.002735 0.000000 0.000000 0.000000 1.000000
0.999505 0.031198 -0.004041 -0.002109 -0.031123 0.999365 0.017348 0.949934 0.004580 -0.017213 0.999841 -0.001956 0.000000 0.000000 0.000000 1.000000
0.999510 0.030626 -0.006489 -0.002343 -0.030507 0.999378 0.017677 0.950094 0.007026 -0.017470 0.999823 -0.001420 0.000000 0.000000 0.000000 1.000000
0.999490 0.030510 -0.009471 -0.002475 -0.030337 0.999379 0.017913 0.950120 0.010012 -0.017616 0.999795 -0.000900 0.000000 0.000000 0.000000 1.000000
0.999437 0.030954 -0.012927 -0.002524 -0.030716 0.999362 0.018197 0.950159 0.013482 -0.017790 0.999751 -0.000353 0.000000 0.000000 0.000000 1.000000
0.999371 0.031515 -0.016264 -0.002516 -0.031214 0.999342 0.018463 0.950031 0.016835 -0.017944 0.999697 0.000073 0.000000 0.000000 0.000000 1.000000
0.999283 0.032408 -0.019572 -0.002382 -0.032042 0.999311 0.018740 0.949199 0.020166 -0.018100 0.999633 0.000372 0.000000 0.000000 0.000000 1.000000
0.999181 0.033509 -0.022702 -0.002288 -0.033088 0.999279 0.018644 0.948911 0.023310 -0.017877 0.999568 0.000683 0.000000 0.000000 0.000000 1.000000
0.999101 0.034233 -0.025020 -0.002124 -0.033780 0.999261 0.018317 0.948463 0.025628 -0.017455 0.999519 0.000867 0.000000 0.000000 0.000000 1.000000
0.999007 0.035445 -0.027007 -0.002032 -0.034980 0.999235 0.017501 0.948125 0.027606 -0.016539 0.999482 0.001021 0.000000 0.000000 0.000000 1.000000
0.998912 0.036694 -0.028769 -0.001905 -0.036225 0.999205 0.016663 0.947887 0.029357 -0.015603 0.999447 0.001258 0.000000 0.000000 0.000000 1.000000</float_array><technique_common><accessor source="#mixamorig_Hips-Matrix-animation-output-transform-array" count="191" stride="16"><param type="float4x4"/></accessor></technique_common></source><source id="mixamorig_Hips-Interpolations"><Name_array id="mixamorig_Hips-Interpolations-array" count="191">
 LINEAR LINEAR LINEAR LINEAR LINEAR LINEAR LINEAR LINEAR LINEAR LINEAR LINEAR
LINEAR LINEAR LINEAR LINEAR LINEAR LINEAR LINEAR LINEAR LINEAR LINEAR LINEAR LINEAR
LINEAR LINEAR LINEAR LINEAR LINEAR LINEAR LINEAR LINEAR LINEAR LINEAR LINEAR LINEAR
LINEAR LINEAR LINEAR LINEAR LINEAR LINEAR LINEAR LINEAR LINEAR LINEAR LINEAR LINEAR
LINEAR LINEAR LINEAR LINEAR LINEAR LINEAR LINEAR LINEAR LINEAR LINEAR LINEAR LINEAR
LINEAR LINEAR LINEAR LINEAR LINEAR LINEAR LINEAR LINEAR LINEAR LINEAR LINEAR LINEAR
LINEAR LINEAR LINEAR LINEAR LINEAR LINEAR LINEAR LINEAR LINEAR LINEAR LINEAR LINEAR
LINEAR LINEAR LINEAR LINEAR LINEAR LINEAR LINEAR LINEAR LINEAR LINEAR LINEAR LINEAR
LINEAR LINEAR LINEAR LINEAR LINEAR LINEAR LINEAR LINEAR LINEAR LINEAR LINEAR LINEAR
LINEAR LINEAR LINEAR LINEAR LINEAR LINEAR LINEAR LINEAR LINEAR LINEAR LINEAR LINEAR
LINEAR LINEAR LINEAR LINEAR LINEAR LINEAR LINEAR LINEAR LINEAR LINEAR LINEAR LINEAR
LINEAR LINEAR LINEAR LINEAR LINEAR LINEAR LINEAR LINEAR LINEAR LINEAR LINEAR LINEAR
LINEAR LINEAR LINEAR LINEAR LINEAR LINEAR LINEAR LINEAR LINEAR LINEAR LINEAR LINEAR
LINEAR LINEAR LINEAR LINEAR LINEAR LINEAR LINEAR LINEAR LINEAR LINEAR LINEAR LINEAR
LINEAR LINEAR LINEAR LINEAR LINEAR LINEAR LINEAR LINEAR LINEAR LINEAR LINEAR LINEAR
LINEAR LINEAR LINEAR LINEAR LINEAR LINEAR LINEAR LINEAR LINEAR LINEAR LINEAR LINEAR</Name_array><technique_common><accessor source="#mixamorig_Hips-Interpolations-array" count="191"><param type="name"/></accessor></technique_common></source><sampler id="mixamorig_Hips-Matrix-animation-transform"><input semantic="INPUT" source="#mixamorig_Hips-Matrix-animation-input"/><input semantic="OUTPUT" source="#mixamorig_Hips-Matrix-animation-output-transform"/><input semantic="INTERPOLATION" source="#mixamorig_Hips-Interpolations"/></sampler><channel source="#mixamorig_Hips-Matrix-animation-transform" target="mixamorig_Hips/matrix"/></animation>
    <animation id="mixamorig_Spine-anim" name="mixamorig_Spine"><source id="mixamorig_Spine-Matrix-animation-input"><float_array id="mixamorig_Spine-Matrix-animation-input-array" count="191">

0.000000 0.033333 0.066667 0.100000 0.133333 0.166667 0.200000 0.233333 0.266667 0.300000 0.333333 0.366667 0.400000 0.433333 0.466667 0.500000
0.533333 0.566667 0.600000 0.633333 0.666667 0.700000 0.733333 0.766667 0.800000 0.833333 0.866667 0.900000 0.933333 0.966667 1.000000 1.033333
1.066667 1.100000 1.133333 1.166667 1.200000 1.233333 1.266667 1.300000 1.333333 1.366667 1.400000 1.433333 1.466667 1.500000 1.533333 1.566667
1.600000 1.633333 1.666667 1.700000 1.733333 1.766667 1.800000 1.833333 1.866667 1.900000 1.933333 1.966667 2.000000 2.033333 2.066667 2.100000
2.133333 2.166667 2.200000 2.233333 2.266667 2.300000 2.333333 2.366667 2.400000 2.433333 2.466667 2.500000 2.533333 2.566667 2.600000 2.633333
2.666667 2.700000 2.733333 2.766667 2.800000 2.833333 2.866667 2.900000 2.933333 2.966667 3.000000 3.033333 3.066667 3.100000 3.133333 3.166667
3.200000 3.233333 3.266667 3.300000 3.333333 3.366667 3.400000 3.433333 3.466667 3.500000 3.533333 3.566667 3.600000 3.633333 3.666667 3.700000
3.733333 3.766667 3.800000 3.833333 3.866667 3.900000 3.933333 3.966667 4.000000 4.033333 4.066667 4.100000 4.133333 4.166667 4.200000 4.233333
4.266667 4.300000 4.333333 4.366667 4.400000 4.433333 4.466667 4.500000 4.533333 4.566667 4.600000 4.633333 4.666667 4.700000 4.733333 4.766667
4.800000 4.833333 4.866667 4.900000 4.933333 4.966667 5.000000 5.033333 5.066667 5.100000 5.133333 5.166667 5.200000 5.233333 5.266667 5.300000
5.333333 5.366667 5.400000 5.433333 5.466667 5.500000 5.533333 5.566667 5.600000 5.633333 5.666667 5.700000 5.733333 5.766667 5.800000 5.833333
5.866667 5.900000 5.933333 5.966667 6.000000 6.033333 6.066667 6.100000 6.133333 6.166667 6.200000 6.233333 6.266667 6.300000 6.333333</float_array><technique_common><accessor source="#mixamorig_Spine-Matrix-animation-input-array" count="191"><param name="TIME" type="float"/></accessor></technique_common></source><source id="mixamorig_Spine-Matrix-animation-output-transform"><float_array id="mixamorig_Spine-Matrix-animation-output-transform-array" count="3056">

0.999988 -0.000481 -0.004775 -0.000000 0.001244 0.986949 0.161028 0.101000 0.004636 -0.161032 0.986938 -0.019200 0.000000 0.000000 0.000000 1.000000
0.999988 -0.000489 -0.004778 0.000000 0.001252 0.986949 0.161028 0.101000 0.004637 -0.161032 0.986938 -0.019200 0.000000 0.000000 0.000000 1.000000
0.999989 -0.000498 -0.004703 -0.000000 0.001249 0.986949 0.161028 0.101000 0.004562 -0.161032 0.986939 -0.019200 0.000000 0.000000 0.000000 1.000000
0.999990 -0.000370 -0.004461 0.000000 0.001083 0.986947 0.161041 0.101000 0.004343 -0.161044 0.986938 -0.019200 0.000000 0.000000 0.000000 1.000000
0.999991 -0.000255 -0.004151 0.000000 0.000921 0.986926 0.161173 0.101000 0.004055 -0.161176 0.986917 -0.019200 0.000000 0.000000 0.000000 1.000000
0.999993 -0.000207 -0.003856 -0.000000 0.000826 0.986903 0.161310 0.101000 0.003772 -0.161312 0.986896 -0.019200 0.000000 0.000000 0.000000 1.000000
0.999993 -0.000192 -0.003643 0.000000 0.000778 0.986885 0.161422 0.101000 0.003564 -0.161423 0.986879 -0.019200 0.000000 0.000000 0.000000 1.000000
0.999994 -0.000107 -0.003476 0.000000 0.000667 0.986872 0.161504 0.101000 0.003413 -0.161505 0.986866 -0.019200 0.000000 0.000000 0.000000 1.000000
0.999995 0.000211 -0.003183 0.000000 0.000306 0.986877 0.161473 0.101000 0.003175 -0.161473 0.986872 -0.019200 0.000000 0.000000 0.000000 1.000000
0.999996 0.000887 -0.002627 0.000000 -0.000452 0.986937 0.161108 0.101000 0.002736 -0.161107 0.986933 -0.019200 0.000000 0.000000 0.000000 1.000000
0.999996 0.001985 -0.002060 0.000000 -0.001629 0.987076 0.160247 0.101000 0.002351 -0.160243 0.987075 -0.019200 0.000000 0.000000 0.000000 1.000000
0.999992 0.003172 -0.002362 -0.000000 -0.002756 0.987267 0.159048 0.101000 0.002837 -0.159041 0.987268 -0.019200 0.000000 0.000000 0.000000 1.000000
0.999981 0.004201 -0.004520 0.000000 -0.003433 0.987418 0.158092 0.101000 0.005127 -0.158073 0.987414 -0.019200 0.000000 0.000000 0.000000 1.000000
0.999949 0.004884 -0.008792 0.000000 -0.003433 0.987423 0.158065 0.101000 0.009453 -0.158027 0.987390 -0.019200 0.000000 0.000000 0.000000 1.000000
0.999884 0.005167 -0.014323 -0.000000 -0.002820 0.987233 0.159261 0.101000 0.014963 -0.159202 0.987133 -0.019200 0.000000 0.000000 0.000000 1.000000
0.999792 0.005307 -0.019670 0.000000 -0.002066 0.986907 0.161279 0.101000 0.020269 -0.161204 0.986713 -0.019200 0.000000 0.000000 0.000000 1.000000
0.999701 0.005262 -0.023886 0.000000 -0.001294 0.986596 0.163177 0.101000 0.024424 -0.163097 0.986308 -0.019200 0.000000 0.000000 0.000000 1.000000
0.999628 0.004960 -0.026831 -0.000000 -0.000491 0.986446 0.164087 0.101000 0.027281 -0.164013 0.986081 -0.019200 0.000000 0.000000 0.000000 1.000000
0.999574 0.004298 -0.028875 0.000000 0.000490 0.986493 0.163803 0.101000 0.029188 -0.163747 0.986070 -0.019200 0.000000 0.000000 0.000000 1.000000
0.999533 0.002966 -0.030423 -0.000000 0.002029 0.986649 0.162852 0.101000 0.030500 -0.162837 0.986181 -0.019200 0.000000 0.000000 0.000000 1.000000
0.999499 0.001544 -0.031618 0.000000 0.003602 0.986774 0.162063 0.101000 0.031450 -0.162096 0.986274 -0.019200 0.000000 0.000000 0.000000 1.000000
0.999469 0.000505 -0.032585 0.000000 0.004784 0.986775 0.162023 0.101000 0.032236 -0.162093 0.986249 -0.019200 0.000000 0.000000 0.000000 1.000000
0.999442 -0.000008 -0.033412 -0.000000 0.005451 0.986639 0.162829 0.101000 0.032965 -0.162920 0.986088 -0.019200 0.000000 0.000000 0.000000 1.000000
0.999420 -0.000038 -0.034064 0.000000 0.005633 0.986418 0.164160 0.101000 0.033595 -0.164257 0.985845 -0.019200 0.000000 0.000000 0.000000 1.000000
0.999405 -0.000138 -0.034482 -0.000000 0.005847 0.986189 0.165523 0.101000 0.033983 -0.165626 0.985603 -0.019200 0.000000 0.000000 0.000000 1.000000
0.999403 -0.000356 -0.034541 0.000000 0.006108 0.986012 0.166561 0.101000 0.033999 -0.166673 0.985426 -0.019200 0.000000 0.000000 0.000000 1.000000
0.999404 -0.000706 -0.034508 -0.000000 0.006468 0.985908 0.167162 0.101000 0.033904 -0.167286 0.985325 -0.019200 0.000000 0.000000 0.000000 1.000000
0.999405 -0.001022 -0.034475 -0.000000 0.006783 0.985863 0.167414 0.101000 0.033816 -0.167548 0.985284 -0.019200 0.000000 0.000000 0.000000 1.000000
0.999405 -0.001239 -0.034476 0.000000 0.006998 0.985856 0.167448 0.101000 0.033781 -0.167590 0.985278 -0.019200 0.000000 0.000000 0.000000 1.000000
0.999404 -0.001386 -0.034488 0.000000 0.007144 0.985860 0.167418 0.101000 0.033769 -0.167565 0.985283 -0.019200 0.000000 0.000000 0.000000 1.000000
0.999403 -0.001517 -0.034517 0.000000 0.007276 0.985871 0.167347 0.101000 0.033776 -0.167498 0.985294 -0.019200 0.000000 0.000000 0.000000 1.000000
